0,1,2,3,4,5,6,7,8,9,10,11,12,13,14,15,16,17,18,19,20,21,22,23,24,25,26,27,28,29,30,31,32,33,34,35,36,37,38,39,40,41,42,43,44,45,46,47,48,49,50,51,52,53,54,55,56,57,58,59,60,61,62,63,64,65,66,67,68,69,70,71,72,73,74,75,76,77,78,79,80,81,82,83
0.0,0.0,0.0,0.0,0.5459354121435309,-0.13150706517560165,-0.2297368658903359,0.0,1.4012281012127439,-0.9643889099852239,-0.40909737998095713,0.0,1.4603582838457412,-1.4609584796193116,-0.4161332825913557,0.0,1.1887634223544077,-1.3910020270610481,-0.32286611708722396,0.0,1.7897685400807148,-3.042875470123743,-0.12231030917264839,0.0,1.4191172006935584,-2.4572058304650177,-0.5208429471892959,0.0,1.807984056111339,-2.519257298789152,-1.1897418340196533,0.0,1.0832557561256053,-1.1270384747043918,-0.9536943635195334,0.0,1.1298991649391503,-3.7812307765506925,-0.05918237997850516,0.0,1.0250498845706164,-2.9650462864876976,-0.5417896912928616,0.0,3.037528644662068,-7.638545489122593,-2.752218951042527,0.0,0.605432518108228,-1.3163903489152304,-0.7498342847042919,0.0,0.1516612361306749,-2.751538544583534,-0.0879041472619997,0.0,0.3755759219096341,-2.7706564818326687,-0.5440439109966464,0.0,0.44660291140523983,-3.7162571922835355,-0.9735583879179613,0.0,0.08324390521998339,-1.2155870849313992,-0.29536950470538503,0.0,-0.33585183106652927,-1.8557664741506252,-0.1143610860976349,0.0,-0.12653452127406725,-2.203625670571834,-0.355175641647242,0.0,-0.22704497292984938,-2.178747419933612,-0.3658181487782287,0.0,-0.29518876495508034,-1.4273583609219287,-0.15881644700340727,0.0
0.0,0.0,0.0,0.0,0.5003208058691635,-0.1119508454093378,-0.2111138394503427,0.0,1.3229073768191488,-0.8989188500389298,-0.387509274322171,0.0,1.4652398705406577,-1.4391610495909433,-0.4160485987378565,0.0,1.2348577116546462,-1.3716592043559757,-0.33044929148482327,0.0,1.762598217724958,-3.19543842015084,-0.14687225166789067,0.0,1.405890110959052,-2.4949225609003682,-0.5520546976312498,0.0,1.7239903582959393,-2.5119677394421447,-1.1911589593925482,0.0,1.0232221067810516,-1.153812347032079,-0.94433295718535,0.0,1.0944807558884242,-3.875225426916843,-0.08280539520859447,0.0,0.9307824066739785,-2.86803840390741,-0.5109847720959787,0.0,3.32887475609397,-8.96678258748964,-2.925986366808849,0.0,0.6379168284780429,-1.5318837719637437,-0.7100661955515156,0.0,0.12799532019246918,-2.83108447856137,-0.10140973748841611,0.0,0.33736557735886463,-2.715325608666933,-0.5052480219371958,0.0,0.45409772892265504,-4.061860024189885,-0.9109670851874702,0.0,0.07675619329907131,-1.3925418031272825,-0.22013169048230857,0.0,-0.36651387583403544,-1.8690585386977452,-0.11821703633574548,0.0,-0.14789237541274766,-2.2063810948914675,-0.3271234997026002,0.0,-0.23338511137571105,-2.2848408801575997,-0.30836233315594724,0.0,-0.2986965431008256,-1.6049230691631418,-0.0893008144409422,0.0
0.0,0.0,0.0,0.0,0.553911718598919,-0.30893450034719255,-0.16636454021526387,0.0,1.484956416980491,-1.3925064951696,-0.34108170485889233,0.0,1.419876370831091,-1.6690389964167074,-0.3405839739101594,0.0,1.154988936033258,-1.483916777675131,-0.27775445783855773,0.0,1.4786824334690634,-3.183876949138157,-0.021418907476770322,0.0,1.362945170460363,-2.7058866297886723,-0.49664188786980484,0.0,1.6620462638562117,-2.49774711195413,-1.1151922920970685,0.0,0.8963852613168104,-0.9965363600430783,-0.7945566056380471,0.0,0.8686603223939446,-3.6235085336415653,-0.0210506175723856,0.0,0.974456492158562,-3.1620918662035122,-0.5061690406026599,0.0,2.3377051063441714,-6.005998922945748,-1.8763129435094859,0.0,0.5434821341699738,-1.0858505249676667,-0.5073979116816817,0.0,0.06994075154556396,-2.8557008775550914,-0.10520704924553623,0.0,0.3129821941749754,-2.840643886365599,-0.5250925813911425,0.0,0.51292620929881,-4.295592203490858,-0.9674802979952278,0.0,0.12263217427045407,-1.195802813995385,-0.19707849652132395,0.0,-0.40552070038814086,-1.90798107204726,-0.146564379686757,0.0,-0.1880927192337333,-2.2269053356048496,-0.3569056940567614,0.0,-0.2262127775954658,-2.5099507616679273,-0.38936600502029134,0.0,-0.24245986705338535,-1.6905185759586012,-0.13574833745169598,0.0
0.0,0.0,0.0,0.0,0.5309588755784332,-0.21989281983036973,-0.19139152339783222,0.0,1.39493792937291,-1.0905137823867608,-0.3870563340858454,0.0,1.4361737267018022,-1.4373568949962336,-0.40754112937277387,0.0,1.2085054774471609,-1.3243428029165245,-0.3459959046447073,0.0,1.551744870585211,-2.99817372878358,-0.11979466594538137,0.0,1.5045634830834418,-2.6812466062201192,-0.6500235345558601,0.0,1.5706970595880116,-2.1444566512040986,-1.2134312704201744,0.0,0.8516718071036986,-0.8328592217278677,-0.8857186105103522,0.0,0.8953244279124523,-3.50108872481145,-0.10840207791058495,0.0,0.9667369196147548,-2.9919067295983575,-0.5788482272919926,0.0,2.8223342595241565,-7.096273406416925,-2.6164183171777826,0.0,0.5433353597145942,-1.1070385967364973,-0.6499738970759812,0.0,0.050297475065502424,-2.665653232202662,-0.15155243968080298,0.0,0.2792422908694348,-2.6345322534758155,-0.5549170380812604,0.0,0.46511229106486607,-4.172404060458121,-1.130582738580637,0.0,0.0956917400806185,-1.1728538194498093,-0.2962033378132497,0.0,-0.4127899511217255,-1.7889265927818974,-0.16727943315754892,0.0,-0.1967873680488773,-2.0691626018188467,-0.37566708353148687,0.0,-0.2362135513817355,-2.3683041562813227,-0.44846271593062365,0.0,-0.2700371944091138,-1.6792649428477229,-0.22899167891118283,0.0
0.0,0.0,0.0,0.0,0.5205777013831526,-0.2623014044371759,-0.19461982632134184,0.0,1.2995378349927043,-1.1857575753779352,-0.3686015305018231,0.0,1.397779239903585,-1.7267372123560043,-0.40059198604181145,0.0,1.0998003367778886,-1.645309175100796,-0.32425767106408976,0.0,1.6592880288083793,-3.5557988656258255,0.022877676890189963,0.0,1.2423016980961492,-2.7537675684828966,-0.40740309853230966,0.0,1.7306197935934053,-3.2885375540858184,-1.125572621309202,0.0,0.9925098767339492,-1.5633083278857747,-0.8994690277676108,0.0,1.0630839838425448,-4.596647303528355,0.09578906858188582,0.0,0.8072538816880274,-3.0882158680173375,-0.3722485983280613,0.0,3.366514893061717,-11.641991837276388,-2.8471691390403553,0.0,0.5730421329087957,-1.745514777514619,-0.6253690592675637,0.0,0.029019002061298108,-3.230783028813644,-0.0007437285541822292,0.0,0.2304931499862666,-2.8301868768774407,-0.3890352526351354,0.0,0.374042769793251,-4.995326278368259,-0.8453876883779249,0.0,0.06804520364465064,-1.682341411652602,-0.20304239914867417,0.0,-0.4524189980461208,-2.0037603797374395,-0.06492853336636187,0.0,-0.23366693694979743,-2.3545652702439224,-0.2879717504856315,0.0,-0.2820008892251217,-2.68229208766756,-0.3133114926394184,0.0,-0.2984127330427884,-1.8944502296012802,-0.10108121087891657,0.0
0.0,0.0,0.0,0.0,0.500969376813806,-0.20275869550344805,-0.21333157387407892,0.0,1.2926931913420607,-1.1482630656990638,-0.4100247846217214,0.0,1.3836469431003793,-1.737562650580933,-0.4304681905553907,0.0,1.0839743474920025,-1.6332951849358786,-0.33159815998764497,0.0,1.6818381507168438,-3.5573568068176638,-0.1480160728786914,0.0,1.3031710053979906,-2.7683764313352235,-0.5520550260000955,0.0,1.6549584540508488,-3.0991636961415945,-1.258594529159853,0.0,0.9477850497432514,-1.5328598364400974,-1.0004457689829158,0.0,1.0476542481599485,-4.5743515277630005,-0.07135866919114844,0.0,0.7925471610473339,-3.041125127545553,-0.48512336124262145,0.0,2.8274665830587367,-10.024876016645926,-2.843941499438525,0.0,0.6480280486031237,-2.0759402265295854,-0.8148350821604273,0.0,0.007297321714381884,-3.1545366796318848,-0.0837965544137889,0.0,0.2276690518878524,-2.9117402990397188,-0.5041387126265187,0.0,0.32891206287978736,-4.760316514354929,-1.0142453892532355,0.0,0.04762710940357313,-1.6028714265921855,-0.26951188848545465,0.0,-0.4624541546501768,-1.9594470705296998,-0.0984620191628866,0.0,-0.23153255008446044,-2.3585353997409277,-0.3327848749094991,0.0,-0.2961141058343795,-2.629518117297653,-0.35469849779765583,0.0,-0.3208503527401894,-1.826733353368301,-0.12667947651379444,0.0
0.0,0.0,0.0,0.0,0.4872344984474054,-0.22364216964528497,-0.1745378967010867,0.0,1.378703669361186,-1.2700183266217364,-0.34958086903975294,0.0,1.3802763529833908,-1.6287996274345369,-0.350195747991452,0.0,1.1328569096827403,-1.4942247566034546,-0.2877149906918784,0.0,1.5981690372400086,-3.5507458717118046,-0.10006000867996799,0.0,1.310414050751919,-2.859837989326727,-0.5413631595400794,0.0,1.7270725318040632,-3.0748641168867454,-1.2380217198629204,0.0,1.0173668715847426,-1.4287802473909768,-0.9510871805006341,0.0,0.9653451495857487,-4.363270018431128,-0.08906885669296193,0.0,0.769936429874439,-3.0170934729662906,-0.4904975253066863,0.0,3.075888601632487,-10.076951664032597,-2.967467924872146,0.0,0.6577737065948008,-1.7262046719337911,-0.7477093960372493,0.0,-0.018887464177435333,-3.03313442649735,-0.13847586088856786,0.0,0.18434823385168791,-2.7828560816953374,-0.5253238471037095,0.0,0.34766367085527533,-4.526827309926732,-1.1283435125009016,0.0,0.0941503130009758,-1.3920968840063763,-0.3430999383943135,0.0,-0.47351828655622474,-1.8838816137956351,-0.15146021175682478,0.0,-0.23921957949282488,-2.2682672460467708,-0.37770402803721337,0.0,-0.27718807173204224,-2.601113742501337,-0.46202025572356653,0.0,-0.2740406227558208,-1.683823960218608,-0.2329352502167711,0.0
0.0,0.0,0.0,0.0,0.4936590129118362,-0.2532788768386473,-0.16958377136920105,0.0,1.3919159875133706,-1.3224927453060507,-0.35159419221444094,0.0,1.3843881285767068,-1.6741374906487967,-0.3504053909566629,0.0,1.1176537446270294,-1.53077891948973,-0.28630325732484896,0.0,1.6002622702042553,-3.671939190547722,-0.07362442821925842,0.0,1.3079193878234494,-2.8863197102216898,-0.506911083677547,0.0,1.7517927153255837,-3.14482288297629,-1.2076733042455805,0.0,1.007512434655211,-1.410882101893724,-0.9087406801889018,0.0,0.9138931819913122,-4.317201498864149,-0.06142942723269619,0.0,0.789535898485791,-3.082219152347173,-0.4622604038687198,0.0,3.4152766889600605,-11.075333421790598,-3.007825170924765,0.0,0.7101958432823365,-1.8130033122016442,-0.7136653120043567,0.0,-0.02625530720817068,-3.0026220031330544,-0.11984499354876242,0.0,0.23909073470495226,-2.868919950033947,-0.5067151020693285,0.0,0.5022683930508789,-5.038834432716414,-1.1144543566858895,0.0,0.15421402257217875,-1.4657667608956522,-0.28700191063518254,0.0,-0.4710795800838112,-1.8904316694802372,-0.14198547764027603,0.0,-0.21217728936213973,-2.35057770903134,-0.37185095577687005,0.0,-0.251613064464346,-2.6598136594482065,-0.427782823566149,0.0,-0.24638458450707512,-1.6130987787552806,-0.17421261468348512,0.0
0.0,0.0,0.0,0.0,0.5282101175353844,-0.18195923356650853,-0.22019075597683238,0.0,1.3613356231412788,-1.0446042013161494,-0.4208201899791432,0.0,1.412354990874343,-1.4634612619554102,-0.43376705003672217,0.0,1.175318463442013,-1.40989770279413,-0.3621395699442818,0.0,1.738294848804229,-3.2522277752930977,-0.3023468817607061,0.0,1.3891017381449373,-2.656000915904237,-0.6815168708708246,0.0,1.7561882579928192,-2.8433651250442034,-1.439933490053386,0.0,1.0052439163152025,-1.3547592780573532,-1.11473546841729,0.0,1.1222362995898914,-4.272198813684835,-0.29905745848922294,0.0,0.9026174123326052,-2.9817241075425143,-0.6697667455945951,0.0,2.681135340662748,-7.931174958018623,-3.1651685665074534,0.0,0.5468115632982253,-1.4767745293557377,-0.8946795451038431,0.0,0.060595209330957224,-2.925611433304996,-0.24571063753906824,0.0,0.2607817451772482,-2.6888146937598805,-0.6143386755094853,0.0,0.3740335096634586,-4.164618305645427,-1.284495579375559,0.0,0.04937496740754554,-1.3389985531954707,-0.4451629550694027,0.0,-0.41497047757667366,-1.8628334257947747,-0.20865536404601503,0.0,-0.20977205015547917,-2.1508238530717465,-0.43021801451009994,0.0,-0.25507357486824767,-2.4128550971543783,-0.5455753824851906,0.0,-0.28066352236042746,-1.7073965318044855,-0.3496489131190942,0.0
0.0,0.0,0.0,0.0,0.5346946354036751,-0.15298329084038945,-0.2222049685171844,0.0,1.3758219996771976,-0.9896186354885115,-0.4311602356155414,0.0,1.4594418885468226,-1.4486917474646896,-0.4471809052013647,0.0,1.1989314041868377,-1.4053217827527904,-0.3659711069837496,0.0,1.8574398440785842,-3.283388234578547,-0.22090199120597845,0.0,1.4294919140434368,-2.5252403797606524,-0.5997919736228521,0.0,1.8034445246643056,-2.7383831365934292,-1.3176504912358697,0.0,1.087658413383832,-1.369018341788435,-1.0873928960325698,0.0,1.1994384821193749,-4.132637513971599,-0.17083003692961407,0.0,0.9623471347331589,-2.93139047511277,-0.5807559030992772,0.0,3.250638290483386,-8.994471893255662,-3.193730697402649,0.0,0.6572039227494895,-1.5939649928463384,-0.8296070419693099,0.0,0.13161552627248616,-2.8610266214857414,-0.1584437494605933,0.0,0.36258772502263154,-2.740787822945138,-0.5732408451145139,0.0,0.517914796985417,-4.141328219659461,-1.135760472573672,0.0,0.12361590727918294,-1.3144272557982641,-0.33833823782773165,0.0,-0.36016922769887244,-1.8627696525940691,-0.15316258290844603,0.0,-0.13186645222962345,-2.208422225386501,-0.38305572792180514,0.0,-0.18483174640248953,-2.3942345284428543,-0.4358056879747118,0.0,-0.2265795124808095,-1.5919211598400627,-0.20669999651854404,0.0
0.0,0.0,0.0,0.0,0.5188982249722907,-0.2089963033126918,-0.23805977045030569,0.0,1.3194882100924985,-1.0906951970401269,-0.4536787253883775,0.0,1.376161221649438,-1.5203887152992974,-0.463031946845624,0.0,1.1179452083324823,-1.4745156717986159,-0.3772755196135435,0.0,1.6011473060778862,-3.382398925623142,-0.16725694881039843,0.0,1.2910970113944347,-2.6977165950391195,-0.6130812696537639,0.0,1.6440303726639143,-2.9085053981154436,-1.3707974553927134,0.0,0.970492573014774,-1.4188508969223044,-1.1103124487169187,0.0,0.896357795100682,-4.004087041086482,-0.10406579120465129,0.0,0.7947542354532768,-2.977841791445908,-0.5757854212359365,0.0,2.4761228717333985,-8.293086260154436,-3.026052075980425,0.0,0.5206129113302215,-1.569082326738136,-0.8717712403156774,0.0,-0.019575971993436213,-2.8643371372610127,-0.1246893474548356,0.0,0.21477640470868647,-2.779658185817144,-0.5768807093795857,0.0,0.3208037957879757,-4.400681709813893,-1.2400116739187848,0.0,0.04895023556586349,-1.3907528825893332,-0.3935632746279388,0.0,-0.45962080817781026,-1.8518110249003215,-0.1397250641760296,0.0,-0.24505615064303024,-2.231998081041345,-0.40048119813015476,0.0,-0.28991530493215895,-2.515178355323215,-0.50446850877159,0.0,-0.2902657537892649,-1.686693710504857,-0.27805634069791274,0.0
0.0,0.0,0.0,0.0,0.5203892341955718,-0.1916505531293493,-0.223594927831849,0.0,1.3408407311304797,-1.0780414744924376,-0.43678084288446273,0.0,1.4085729683960924,-1.552542984924556,-0.45289576935847436,0.0,1.148305188162558,-1.4662085734012678,-0.3666711421019166,0.0,1.7366473681600931,-3.456155825079321,-0.19235821608106218,0.0,1.3517194418833347,-2.6739461931215067,-0.5881454687674257,0.0,1.7264674323416904,-2.9327605395662615,-1.3148614435784833,0.0,1.024497996772532,-1.4480034267531,-1.0670127226749246,0.0,1.055082026708445,-4.2580266663547475,-0.1295892335794711,0.0,0.8377772842839815,-2.968601183182214,-0.5347024107741067,0.0,2.973810316973355,-9.573374329300506,-3.1009138527207676,0.0,0.631314115323759,-1.8135005508141617,-0.8516373394353217,0.0,0.04445343745816638,-2.9499555752357165,-0.12817716793681072,0.0,0.28747053746130763,-2.8349012258290607,-0.5552870377623544,0.0,0.4232411231592671,-4.4159829427505795,-1.1332320457357685,0.0,0.07940131470596809,-1.3828200754349993,-0.32976747485173125,0.0,-0.4244472894766585,-1.874390368097035,-0.1306011846640894,0.0,-0.18872971997370913,-2.2819285740284965,-0.3665291700095187,0.0,-0.2329061969794876,-2.5382109938019,-0.415510198490561,0.0,-0.26451152004174056,-1.7099504715404794,-0.18624490630473095,0.0
0.0,0.0,0.0,0.0,0.4910016545600104,-0.22835015987696058,-0.19496960438688996,0.0,1.337821377128656,-1.2011189423228508,-0.3943018147689185,0.0,1.3754694478041634,-1.5771410268982569,-0.40576833913335064,0.0,1.1377487393428556,-1.461304340054979,-0.33636552430280653,0.0,1.551540394452178,-3.487856254099023,-0.16479878815747148,0.0,1.31460965104535,-2.8166774852311387,-0.5995922466685396,0.0,1.6432945836697674,-2.871730940328768,-1.2721997427250715,0.0,0.9923343190878675,-1.349658045094224,-0.9981086823034604,0.0,0.8487425291409354,-4.164900668995895,-0.14805385841533136,0.0,0.7576648056386716,-3.029470860237496,-0.5395270783482534,0.0,2.8669521214055504,-9.569327300873393,-3.0722880902894847,0.0,0.6346221658190744,-1.7157418477600042,-0.8359715698357152,0.0,-0.07350492057449043,-2.9061892139977497,-0.16787282996067024,0.0,0.17589375330289966,-2.8083800319747034,-0.5549443755800646,0.0,0.32620649721993267,-4.587419665620439,-1.2121076141182707,0.0,0.0629398034894079,-1.3767350332950878,-0.3810114115988996,0.0,-0.49108734363794126,-1.8572132512919068,-0.17206453720791123,0.0,-0.2848468845523938,-2.201885440864815,-0.384604015211611,0.0,-0.32394773531538734,-2.498221990637591,-0.46439985682336304,0.0,-0.3242134913691061,-1.7493553946817155,-0.26532368087697555,0.0
0.0,0.0,0.0,0.0,0.5085927319207105,-0.2545201935455458,-0.181877207683024,0.0,1.364846616050284,-1.255357715394579,-0.38040142490741513,0.0,1.3901300061151434,-1.6340184685126018,-0.3965901653302918,0.0,1.1362603738149708,-1.4889316186580672,-0.32893525696590115,0.0,1.6424904707970311,-3.6191899991107883,-0.11051777160310013,0.0,1.326201041865038,-2.788231153522393,-0.5202301038810465,0.0,1.7257570654166463,-3.0893293188014823,-1.2201069869183536,0.0,1.0576247271759454,-1.5677741808013388,-1.0115293096687368,0.0,0.9300330254207874,-4.3764866646402485,-0.09497923759842876,0.0,0.8148437438021955,-3.107812684989203,-0.48952393807949723,0.0,3.239758720162212,-10.856011342872902,-3.092624986893418,0.0,0.6644500090125208,-1.8794180615610405,-0.7881449601271703,0.0,-0.04901743507974698,-2.959670078333415,-0.132835637612415,0.0,0.233150567234509,-2.8837305149484544,-0.5168263703909955,0.0,0.42126365752886136,-4.812062238283347,-1.1178872608559327,0.0,0.10092794941998467,-1.4311413800470838,-0.3219933000243801,0.0,-0.4779593147223236,-1.8680042933207892,-0.14824714989850746,0.0,-0.24412560849591194,-2.2775565493431045,-0.36241065027539204,0.0,-0.2667581661770974,-2.632061824781133,-0.4306173954039771,0.0,-0.2604632170539489,-1.737157892404003,-0.20750728659760137,0.0
0.0,0.0,0.0,0.0,0.5025536934307201,-0.24220958027495398,-0.18187803559328083,0.0,1.360474567760512,-1.20483083650229,-0.38458782879671594,0.0,1.409265200215539,-1.5862316925741171,-0.40724415483654725,0.0,1.1588454019021888,-1.4647744261261277,-0.34384122782139775,0.0,1.7175805010448733,-3.6683774665948543,-0.1462223757973609,0.0,1.3694129895477727,-2.809387519456979,-0.558321498893512,0.0,1.7353758847883594,-2.9985377859805387,-1.25206861688001,0.0,1.0612796860788667,-1.493854336492964,-1.0253148361953637,0.0,1.0129981054141493,-4.496056662378747,-0.13954999096262846,0.0,0.8472632423480446,-3.1012971139970804,-0.5147214608276047,0.0,3.1910082753849904,-10.225237826985362,-3.0373275142306246,0.0,0.7453095967887295,-2.008556425623882,-0.8807897772966946,0.0,-0.01705823316522368,-2.981472594727774,-0.16241141029748696,0.0,0.24128281400914617,-2.8148594453068894,-0.51782616280369,0.0,0.4748576640681353,-4.914337016309502,-1.1571381063919024,0.0,0.13972968769293614,-1.5918989469938682,-0.37216302110830907,0.0,-0.4628873556137523,-1.8607857778590924,-0.1661550081188669,0.0,-0.23384134560647538,-2.2413543829922165,-0.3731059869363258,0.0,-0.2507509717174581,-2.599504269961167,-0.45202310628569053,0.0,-0.25051065019985386,-1.7372282449415242,-0.2388798142980116,0.0
0.0,0.0,0.0,0.0,0.5078009885946698,-0.23185190952562393,-0.18172903577979227,0.0,1.3729456109509586,-1.1897751566454917,-0.38184599180811724,0.0,1.4149502695140694,-1.5615304121959612,-0.40085827442964544,0.0,1.1640043381443115,-1.4488431993553272,-0.33871123124753993,0.0,1.7224159773867187,-3.5370016052236632,-0.14482306073795856,0.0,1.3794032190978005,-2.7893602387046545,-0.5689497113523956,0.0,1.7466120727520267,-2.9827536168230835,-1.2767416486099745,0.0,1.0750317109599965,-1.5001722637397166,-1.0503927366413341,0.0,1.055663715517938,-4.417008160508165,-0.14365331233875084,0.0,0.8756998608834475,-3.103556023854391,-0.5378659317940524,0.0,3.1343203162892865,-9.894446023362375,-3.0673169166893146,0.0,0.7178211816624792,-1.9414346994130678,-0.8853529816744027,0.0,0.017951340508748782,-2.9859298612827985,-0.16978438314123426,0.0,0.26446912081616286,-2.8140809505105064,-0.536819637575138,0.0,0.47055646613309227,-4.7441444157803065,-1.1622987295208902,0.0,0.13133273582827493,-1.5356669193133723,-0.3711654130760678,0.0,-0.4437562220153639,-1.8759058010075325,-0.1733140003698628,0.0,-0.21938200405421499,-2.239656247306958,-0.3846861168714359,0.0,-0.24981609519793285,-2.5357163696777736,-0.4583787147736983,0.0,-0.25379389459957147,-1.6408853401135748,-0.23386970992313655,0.0
0.0,0.0,0.0,0.0,0.5178082192003371,-0.24994792891174142,-0.207421003917258,0.0,1.370892917537442,-1.2471486539294983,-0.4102555912494787,0.0,1.370448502486362,-1.618129181065554,-0.40548019549863495,0.0,1.0857446683561067,-1.5461404842386364,-0.3314785012186496,0.0,1.610030846125503,-3.5970020143080785,-0.1581062612680354,0.0,1.2501640308796151,-2.694309910733414,-0.5477822566071963,0.0,1.6753127383190314,-2.9098465728893457,-1.2527602784140561,0.0,0.9896374415818672,-1.3479313519533407,-0.9804433050204816,0.0,0.8974345398600412,-4.248485986867516,-0.12485285235895172,0.0,0.816831232997131,-3.067013094471425,-0.5439503776358284,0.0,2.9260695985884397,-9.294288202485523,-3.040435384286517,0.0,0.5898597418774438,-1.548117005765548,-0.7664799210761079,0.0,-0.049701221639866754,-2.9253558622078444,-0.14866595465395724,0.0,0.24075054255977096,-2.8943558673951486,-0.5665545332911897,0.0,0.42868436492733697,-4.736565672342167,-1.2166395910137118,0.0,0.09654082818098661,-1.3668658082445013,-0.34329448709628707,0.0,-0.48299933619108726,-1.839952034050961,-0.15711073366903988,0.0,-0.2463276453492211,-2.2727418609581456,-0.38917497735966494,0.0,-0.28490725340734163,-2.563463382784199,-0.4597887135415871,0.0,-0.29078360526504676,-1.6720828135171104,-0.22590918077194377,0.0
0.0,0.0,0.0,0.0,0.5098268132187475,-0.23202496213067458,-0.21244478783738077,0.0,1.3720311400991272,-1.2400808635852154,-0.427497817404822,0.0,1.388050870061724,-1.6231787841252179,-0.41926193602964834,0.0,1.0975106006120894,-1.5718017922899534,-0.3424943666001867,0.0,1.7268281916583772,-3.6393670521326675,-0.19839129767374328,0.0,1.31159455179022,-2.76371987488077,-0.5975627194787724,0.0,1.6923133370731338,-2.896902471911489,-1.2818042607944393,0.0,1.0185851938791388,-1.3582167882345928,-0.9950808835223185,0.0,1.0335160447212355,-4.54211904954171,-0.16602350844031094,0.0,0.791533289465823,-3.0272848536706216,-0.5516908639726475,0.0,2.887611340129746,-9.334389079842746,-3.0283409737979583,0.0,0.7029917846446045,-1.8287653745659365,-0.8716264266144885,0.0,-0.014410126311641435,-2.9979894032644836,-0.16743990677403578,0.0,0.2359381678880334,-2.839674531552288,-0.5602671427164375,0.0,0.47670102436099626,-4.912614162727499,-1.262377677078596,0.0,0.1487025211550695,-1.520842045776083,-0.38523818667244747,0.0,-0.45672891543999994,-1.8856780094082144,-0.16804066992159186,0.0,-0.2311749826095509,-2.2872032043641806,-0.39895662290556955,0.0,-0.2647855883239153,-2.5825664754250837,-0.47938337424065963,0.0,-0.2723736242359703,-1.7603706367559229,-0.26320124046307364,0.0
0.0,0.0,0.0,0.0,0.4800102420021165,-0.13024291820873302,-0.19726264822210055,0.0,1.1774548270587208,-0.6046773153651039,-0.42106581799540765,0.0,1.3684495809013852,-0.7292140213473347,-0.5007536255483298,0.0,1.309475902590648,-0.6530047757114249,-0.4818954317799153,0.0,1.396337238972919,-2.611793831166138,-0.17236109676047381,0.0,1.4067866398007272,-2.397159418704818,-0.6558843005464265,0.0,1.7480898841271106,-2.1680622385108816,-1.371599040074105,0.0,1.0521646651100967,-0.8715340003840322,-1.0609609342252213,0.0,0.7628861863817057,-2.8063849106035375,-0.1813578206037749,0.0,0.8244668695496412,-2.4994214223195175,-0.5750668348238709,0.0,3.627579704953034,-8.319521896872097,-3.709630373163118,0.0,0.73638830516556,-1.191887786026697,-0.9073236256603098,0.0,0.09155569980519492,-2.3339914730000832,-0.22798824190182718,0.0,0.3160631253368034,-2.377120789310247,-0.6038998655376657,0.0,0.6738167728720058,-4.187492978287754,-1.5252166278692532,0.0,0.17523261314897343,-1.1386211443199286,-0.5086293329173525,0.0,-0.34088563005165945,-1.7228854702868344,-0.250469825087721,0.0,-0.13127344840882374,-1.943057641264329,-0.44504307593533654,0.0,-0.143280723655828,-2.278928099177512,-0.5977928312218171,0.0,-0.19890178613753898,-1.7420265788615727,-0.43296979298953775,0.0
0.0,0.0,0.0,0.0,0.5661783242808435,-0.21211783868425357,-0.1927629329236818,0.0,1.3456661325935158,-0.6749282647611045,-0.3936688269405151,0.0,1.3955208476908656,-0.6199990294411084,-0.4278201166762725,0.0,1.299791975568397,-0.47617823566487827,-0.42096868038092733,0.0,1.6958967858712806,-2.868513265977661,-0.11148833890550726,0.0,1.6019607810572205,-2.5257797591295597,-0.6004697357488195,0.0,1.97613636537687,-2.4973283145320098,-1.2050688339455469,0.0,1.7157920626951866,-1.7217885853749193,-1.254066127293591,0.0,0.8707419052739057,-2.9275061795509223,-0.1341239211059,0.0,0.9841025443524194,-2.585054810576614,-0.6059347408241178,0.0,3.4890704971087656,-6.74149264838263,-3.1450829468263466,0.0,0.8513462669218642,-1.0278094517056877,-0.8600934387013432,0.0,0.12218135354448471,-2.253102533902081,-0.18945645279825138,0.0,0.39958076429856726,-2.3597290617387485,-0.6146980044630762,0.0,0.7168074476812848,-3.6005757458398424,-1.412915975026285,0.0,0.22623622082927955,-0.9185073292709887,-0.4756458899201908,0.0,-0.2998051496544585,-1.6479917175756935,-0.21930884284300386,0.0,-0.07913305525364098,-1.9039794005357928,-0.4401409203122912,0.0,-0.08933956580362236,-2.135738733344715,-0.5889584335652777,0.0,-0.13919040801573626,-1.5312723195541342,-0.42565661310016545,0.0
0.0,0.0,0.0,0.0,0.46209035682393124,-0.14575246186735485,-0.07972913455986591,0.0,1.4026051444151943,-0.9585403848499813,-0.2552714963719993,0.0,1.9815819096755831,-1.7947378770310483,-0.36373807653963985,0.0,1.6326834518382154,-1.5501952316088283,-0.32803083454809384,0.0,1.8736416488660892,-1.8558545707418912,-0.6212159476729419,0.0,2.2069130055339454,-2.6170163539158797,-0.7586256631344661,0.0,1.7504447995707013,-2.125437745235596,-0.5887007705236459,0.0,1.556566953459337,-1.8671372006066875,-0.5081724664598303,0.0,2.989054911201431,-6.118133447915945,-1.5039814752808942,0.0,1.7339651882789378,-3.732606430714596,-0.8446664188458535,0.0,2.7964631458914555,-5.494739646636219,-1.3316840688709464,0.0,8.041790806699355,-14.23095719545127,-3.917698763215263,0.0,0.5137968260607052,-2.989955206158751,-0.59300753976989,0.0,0.8385885545911745,-3.251321990098222,-0.607537895490233,0.0,1.269180891695335,-4.365287776083649,-0.6871171370611514,0.0,1.4508047267161646,-4.720274548633308,-0.6801307703126611,0.0,-0.10951177916898758,-1.8601635352831667,-0.32413673600363585,0.0,0.19024809780160573,-2.4532995839362925,-0.39416267040555325,0.0,0.2675935449067137,-2.667391944703178,-0.3652722535521696,0.0,0.22143957980417506,-2.3898099294257418,-0.28280699683137456,0.0
0.0,0.0,0.0,0.0,0.4012513273822506,-0.1089035751204691,-0.058402537907638906,0.0,1.3062321179338576,-0.8752065590279928,-0.25565976089090053,0.0,1.8735740317563472,-1.5378483230743352,-0.38451394124779764,0.0,1.6660348339725253,-1.3494041872136917,-0.39991737860317683,0.0,1.477560373334458,-1.1299621835586908,-0.7714026951376846,0.0,2.107001797744768,-2.214070281310672,-1.103850478576177,0.0,1.6145596647191456,-1.8454559575669758,-0.8278033706394663,0.0,1.3982281999457757,-1.6603122351305626,-0.7076850759247251,0.0,1.5574802546527178,-2.358353626602175,-1.3182569115526284,0.0,1.3297680865535153,-3.0576336363758787,-1.1169714156625266,0.0,1.638762726183947,-3.6395006394108766,-1.373644329430099,0.0,3.7769245754561442,-7.7163503497646,-3.4138695120503777,0.0,0.520267582854101,-2.1300875290713313,-1.0498185197937007,0.0,0.633587571446556,-2.756324405284105,-0.9226836938300754,0.0,0.9081268984034864,-3.422338370226781,-1.017886961034556,0.0,1.2103299873791649,-4.282471861067511,-1.2826027365435486,0.0,-0.06687817628854704,-1.5094694567970963,-0.6934916812844989,0.0,0.14364878569333572,-2.2815793070968144,-0.77350861791774,0.0,0.21073757080775443,-2.480096674726668,-0.7877308515726273,0.0,0.16917589902541455,-2.3004835061738147,-0.7436109245971197,0.0
